23 10
['and', 'the'] 0.0327586 0.0562988 -0.0679147 -0.00205673 -0.0174836 0.0322888 0.0398738 -0.04481 -0.0227429 -0.0444196
['the', 'and'] 0.0835774 -0.00110842 -0.119609 0.0553213 -0.0814289 -0.0472969 0.0825681 0.0446898 0.0240503 0.0306724
['to', 'the'] 0.0519607 -0.0407979 -0.0140059 0.0401263 -0.0602624 0.0217797 0.0589681 -0.0333499 -0.0457865 0.0354728
['the', 'to'] 0.0397488 0.015924 -0.00848623 -0.0178773 -0.0502103 -0.0345729 0.0350491 0.0569994 0.0247713 -0.039182
['the', 'words'] 0.0372118 0.0451445 -0.0209265 -0.00293766 -0.00633787 -0.00710849 0.0160246 -0.0139043 -0.0414906 -0.0413841
['words', 'the'] 0.154978 0.0733885 -0.177339 0.0170198 -0.0837911 0.0211955 0.0898208 0.0703876 0.0524949 0.0562183
['of', 'the'] -0.00440842 0.0348192 -0.00916016 -0.0475088 -0.0442236 -0.0263995 0.0269883 -0.000272743 0.0453782 0.00487425
['the', 'of'] -0.0166862 0.00793821 0.0227798 0.0148554 -0.046245 0.0330537 0.0307907 -0.00546155 -0.0279988 -0.0265594
['the', 'is'] 0.0195519 0.0415293 -0.0669777 0.0482673 0.0293554 -0.0404994 -0.0162608 0.00221031 0.0552382 -0.0295244
['word', 'for'] 0.0721504 -0.0366177 -0.0137125 0.0327665 0.00743571 0.0455061 0.0216281 0.0167654 0.0470548 0.0102847
['for', 'word'] -0.021935 0.00993108 0.0131817 -0.0427332 -0.0411736 0.00250899 -0.0168686 -0.0138769 -0.000252479 -0.0298565
['words', 'and'] -0.0435791 -0.0249852 -0.00870308 0.0239791 0.0217734 0.0162775 0.0391611 -0.0255581 -0.0361441 -0.0367274
['and', 'words'] -0.0122927 0.0326771 0.00647876 0.0171435 0.0414214 0.0106858 -0.0337979 0.000341678 0.0313625 -0.0128326
['the', 'between'] -0.0430718 -0.0123349 0.0372711 -0.0135404 -0.00662995 0.0344617 -0.0208366 0.0447333 -0.0231551 0.00359332
['between', 'the'] 0.0582559 0.0280127 -0.0507031 0.0406699 -0.0418204 -0.0235692 0.0381389 0.00321722 -0.0199552 0.00677769
['between', 'and'] 0.0189921 0.0147486 -0.0429799 -0.0415672 0.00321308 -0.0324859 -0.00332511 0.0330619 0.0483634 -0.0163236
['and', 'between'] 0.022206 0.0415271 -0.0459096 0.0287162 -0.0392971 -0.00318426 0.00750539 0.0388665 0.0202345 0.0338097
['and', '“kitten”'] 0.0290916 -0.0293178 -0.0111306 0.0302776 -0.0207516 0.0146117 -0.0257592 0.0476934 -0.0471785 -0.0492509
['and', 'are'] 0.104489 0.0360353 -0.12265 -0.0223381 -0.0441553 0.00982583 0.0448432 0.0304002 0.0185312 0.0350689
['and', 'similar'] 0.0133913 0.00323549 -0.0424691 -0.0295848 -0.0377265 0.000748546 0.0412284 -0.014874 0.0281067 -0.0258527
['“kitten”', 'and'] -0.0396525 0.0273829 0.0476764 0.00850449 -0.0365428 0.0155432 0.0339803 -0.0206703 -0.0231626 -0.0318821
['are', 'and'] -0.00751584 -0.0499654 -0.0585091 0.00654354 -0.0278671 -0.0510673 1.1984e-05 0.0542393 -0.0427847 0.0257725
['similar', 'and'] 0.0169926 -0.0451156 -0.0434646 -0.028287 -0.00209266 0.0359566 0.0459563 -0.0159842 -0.00133278 0.0363424
